M 133.08,0.00
C 132.51,0.02 131.85,0.23 131.49,0.73
  131.49,0.73 50.92,97.14 50.92,97.14
  49.58,98.82 49.48,99.19 51.28,99.21
  51.28,99.21 212.68,98.78 212.68,98.78
  214.90,98.60 214.91,98.71 213.47,96.83
  213.47,96.83 134.29,0.43 134.29,0.43
  134.13,0.17 133.65,-0.01 133.08,0.00
  133.08,0.00 133.08,0.00 133.08,0.00 Z
M 148.55,8.59
C 148.55,8.59 221.21,96.96 221.21,96.96
  222.18,98.14 222.42,98.20 224.13,97.38
  224.13,97.38 262.44,79.84 262.44,79.84
  264.95,78.71 264.60,78.48 262.93,77.35
  262.93,77.35 148.55,8.59 148.55,8.59
  148.55,8.59 148.55,8.59 148.55,8.59 Z
M 114.62,11.82
C 114.59,11.74 114.00,12.19 112.67,13.09
  112.67,13.09 7.19,82.52 7.19,82.52
  7.19,82.52 40.20,97.50 40.20,97.50
  41.92,98.07 42.43,98.10 43.55,96.71
  43.55,96.71 113.16,13.58 113.16,13.58
  114.14,12.45 114.66,11.89 114.62,11.82
  114.62,11.82 114.62,11.82 114.62,11.82 Z
M 148.00,47.02
C 152.66,47.02 156.39,48.62 159.14,51.83
  161.89,55.02 163.44,59.57 163.83,65.47
  164.22,71.35 163.24,75.91 160.91,79.11
  158.58,82.30 155.10,83.86 150.43,83.86
  145.76,83.86 142.04,82.30 139.29,79.11
  136.54,75.91 134.99,71.35 134.60,65.47
  134.21,59.57 135.20,55.02 137.52,51.83
  139.85,48.62 143.32,47.02 148.00,47.02 Z
M 117.36,47.38
C 121.61,47.38 124.80,48.31 126.86,50.18
  128.94,52.06 129.69,54.63 129.18,57.98
  128.88,59.91 128.12,61.72 126.86,63.40
  125.61,65.06 123.19,67.35 119.56,70.16
  119.56,70.16 110.97,76.80 110.97,76.80
  110.97,76.80 126.56,76.80 126.56,76.80
  126.56,76.80 125.59,83.50 125.59,83.50
  125.59,83.50 99.76,83.50 99.76,83.50
  99.76,83.50 100.80,76.80 100.80,76.80
  100.80,76.80 115.48,65.35 115.48,65.35
  116.79,64.30 117.81,63.30 118.52,62.30
  119.23,61.30 119.64,60.21 119.80,59.14
  120.05,57.47 119.74,56.13 118.76,55.12
  117.81,54.10 116.36,53.59 114.50,53.59
  113.07,53.59 111.48,53.95 109.69,54.57
  107.90,55.17 105.96,56.04 103.84,57.25
  103.84,57.25 105.00,49.45 105.00,49.45
  107.16,48.77 109.27,48.28 111.33,47.93
  113.40,47.57 115.43,47.38 117.36,47.38
  117.36,47.38 117.36,47.38 117.36,47.38 Z
M 148.42,53.29
C 146.46,53.29 145.12,54.21 144.40,56.03
  143.68,57.84 143.44,60.97 143.73,65.41
  144.03,69.90 144.66,73.01 145.62,74.85
  146.59,76.69 148.04,77.65 150.01,77.65
  151.96,77.65 153.31,76.69 154.03,74.85
  154.75,73.01 154.99,69.90 154.70,65.41
  154.40,60.97 153.77,57.84 152.81,56.03
  151.86,54.21 150.39,53.29 148.42,53.29
  148.42,53.29 148.42,53.29 148.42,53.29 Z
M 60.84,58.22
C 61.69,58.22 62.28,58.43 62.55,58.89
  63.08,59.80 62.41,61.58 60.60,64.31
  58.79,67.05 56.70,69.38 54.33,71.26
  51.95,73.12 49.31,74.53 46.47,75.46
  44.63,76.06 43.36,76.22 42.63,75.88
  41.90,75.55 41.74,74.70 42.15,73.45
  40.77,74.90 39.34,76.16 37.82,77.16
  36.30,78.17 34.76,78.95 33.13,79.48
  30.71,80.27 29.26,80.21 28.87,79.29
  28.48,78.38 29.18,76.63 30.88,74.06
  32.57,71.51 34.46,69.34 36.60,67.60
  38.74,65.86 41.05,64.62 43.49,63.83
  45.11,63.30 46.25,63.16 46.90,63.46
  47.55,63.75 47.71,64.48 47.38,65.59
  48.87,63.99 50.44,62.63 52.13,61.51
  53.82,60.38 55.59,59.49 57.43,58.89
  58.85,58.43 60.00,58.22 60.84,58.22
  60.84,58.22 60.84,58.22 60.84,58.22 Z
M 223.40,59.68
C 224.85,60.90 226.19,62.15 227.42,63.34
  228.66,64.52 229.78,65.67 230.77,66.81
  232.93,69.32 234.08,71.26 234.18,72.66
  234.28,74.06 233.34,74.77 231.38,74.79
  230.24,74.79 228.91,74.46 227.42,73.87
  225.93,73.29 223.57,72.10 220.29,70.22
  220.29,70.22 212.50,65.77 212.50,65.77
  212.50,65.77 220.47,74.97 220.47,74.97
  220.47,74.97 216.52,75.03 216.52,75.03
  216.52,75.03 203.36,59.81 203.36,59.81
  203.36,59.81 207.32,59.74 207.32,59.74
  207.32,59.74 220.66,67.36 220.66,67.36
  221.86,68.04 222.89,68.56 223.76,68.88
  224.63,69.20 225.38,69.37 226.02,69.37
  226.99,69.37 227.46,69.00 227.48,68.33
  227.51,67.67 227.08,66.81 226.14,65.71
  225.41,64.87 224.44,63.91 223.22,62.91
  222.00,61.91 220.52,60.88 218.83,59.74
  218.83,59.74 223.40,59.68 223.40,59.68
  223.40,59.68 223.40,59.68 223.40,59.68 Z
M 55.42,63.77
C 54.97,63.81 54.36,63.90 53.66,64.13
  52.24,64.59 50.98,65.24 49.88,66.02
  48.77,66.80 47.87,67.69 47.20,68.70
  46.53,69.71 46.38,70.41 46.77,70.71
  47.17,71.01 48.11,70.92 49.52,70.46
  50.92,70.01 52.17,69.37 53.29,68.58
  54.40,67.79 55.30,66.85 55.97,65.84
  56.64,64.83 56.78,64.18 56.40,63.89
  56.20,63.74 55.87,63.72 55.42,63.77
  55.42,63.77 55.42,63.77 55.42,63.77 Z
M 42.21,68.39
C 41.84,68.42 41.38,68.51 40.81,68.70
  39.67,69.07 38.67,69.63 37.76,70.28
  36.84,70.94 36.07,71.69 35.51,72.54
  34.93,73.40 34.78,73.97 35.08,74.24
  35.39,74.50 36.15,74.43 37.27,74.06
  38.41,73.69 39.40,73.20 40.32,72.54
  41.24,71.86 42.00,71.09 42.57,70.22
  43.13,69.37 43.31,68.84 43.00,68.58
  42.84,68.45 42.57,68.37 42.21,68.39
  42.21,68.39 42.21,68.39 42.21,68.39 Z
M 268.04,83.98
C 267.71,84.01 267.20,84.20 266.40,84.53
  266.40,84.53 227.05,102.50 227.05,102.50
  225.66,103.13 225.74,103.99 226.26,105.06
  226.26,105.06 272.00,221.07 272.00,221.07
  272.00,221.07 268.71,85.93 268.71,85.93
  268.61,84.46 268.59,83.95 268.04,83.98 Z
M 4.20,87.58
C 4.20,87.58 0.00,219.06 0.00,219.06
  0.00,219.06 38.74,105.30 38.74,105.30
  39.31,103.62 39.29,103.53 38.13,102.99
  38.13,102.99 4.20,87.58 4.20,87.58
  4.20,87.58 4.20,87.58 4.20,87.58 Z
M 214.81,104.63
C 214.81,104.63 49.76,105.06 49.76,105.06
  47.40,105.02 47.50,105.02 48.66,106.94
  48.66,106.94 132.47,248.30 132.47,248.30
  133.88,250.45 133.73,250.39 135.21,248.18
  135.21,248.18 215.72,106.58 215.72,106.58
  216.43,105.46 216.93,104.67 214.81,104.63
  214.81,104.63 214.81,104.63 214.81,104.63 Z
M 221.39,108.35
C 221.24,108.41 221.07,108.98 220.60,109.87
  220.60,109.87 139.53,252.50 139.53,252.50
  138.65,254.01 138.44,254.55 140.57,254.21
  140.57,254.21 269.26,236.48 269.26,236.48
  271.30,236.02 271.24,235.29 270.54,233.26
  270.54,233.26 222.00,109.93 222.00,109.93
  221.68,108.75 221.54,108.28 221.39,108.34
  221.39,108.34 221.39,108.35 221.39,108.35 Z
M 43.42,109.68
C 43.27,109.80 43.13,110.40 42.82,111.27
  42.82,111.27 1.71,232.28 1.71,232.28
  1.01,234.85 0.93,235.82 3.53,236.30
  3.53,236.30 126.50,254.08 126.50,254.08
  128.82,254.43 128.53,253.26 127.96,252.13
  127.96,252.13 44.28,110.96 44.28,110.96
  43.75,109.90 43.58,109.57 43.42,109.68
  43.42,109.68 43.42,109.68 43.42,109.68 Z
M 267.19,111.27
C 267.19,111.27 267.43,116.32 267.43,116.32
  267.43,116.32 263.29,119.00 263.29,119.00
  263.29,119.00 264.27,137.33 264.27,137.33
  264.27,137.33 268.41,133.25 268.41,133.25
  268.41,133.25 268.71,138.25 268.71,138.25
  268.71,138.25 264.51,142.27 264.51,142.27
  264.51,142.27 260.06,145.13 260.06,145.13
  260.06,145.13 258.84,121.80 258.84,121.80
  258.84,121.80 256.90,123.02 256.90,123.02
  256.90,123.02 256.96,124.48 256.96,124.48
  256.04,124.36 255.15,124.41 254.28,124.60
  253.39,124.81 252.55,125.17 251.72,125.70
  250.48,126.49 249.54,127.41 248.92,128.50
  248.29,129.60 248.00,130.78 248.06,132.03
  248.13,133.33 248.51,134.06 249.22,134.29
  249.93,134.53 250.94,134.27 252.27,133.44
  252.27,133.44 254.15,132.22 254.15,132.22
  254.15,132.22 254.40,136.97 254.40,136.97
  254.40,136.97 252.45,138.19 252.45,138.19
  251.27,138.93 250.38,139.81 249.83,140.74
  249.28,141.69 249.04,142.73 249.10,143.91
  249.16,145.00 249.48,145.68 250.07,145.92
  250.66,146.16 251.49,145.96 252.51,145.31
  253.26,144.83 254.01,144.18 254.76,143.42
  255.52,142.67 256.28,141.81 257.02,140.80
  257.02,140.80 257.26,146.16 257.26,146.16
  256.36,147.16 255.48,148.00 254.58,148.78
  253.68,149.56 252.78,150.24 251.90,150.79
  249.54,152.29 247.77,152.85 246.54,152.38
  245.30,151.92 244.60,150.48 244.47,148.05
  244.39,146.39 244.57,144.84 245.08,143.42
  245.59,142.02 246.38,140.71 247.45,139.59
  246.20,139.87 245.23,139.62 244.53,138.79
  243.83,137.99 243.47,136.66 243.37,134.78
  243.23,131.96 243.78,129.39 245.08,127.04
  246.38,124.71 248.40,122.69 251.05,121.01
  251.98,120.42 252.90,119.91 253.85,119.55
  254.04,119.47 254.26,119.43 254.46,119.37
  254.46,119.37 254.52,119.31 254.52,119.31
  254.52,119.31 267.19,111.27 267.19,111.27
  267.19,111.27 267.19,111.27 267.19,111.27 Z
M 7.67,121.13
C 8.29,121.09 8.94,121.30 9.68,121.74
  11.31,122.73 12.50,124.57 13.21,127.28
  13.26,127.46 13.30,127.66 13.34,127.83
  13.34,127.83 13.58,124.60 13.58,124.60
  13.58,124.60 22.35,129.90 22.35,129.90
  22.35,129.90 21.98,134.35 21.98,134.35
  21.98,134.35 19.12,132.64 19.12,132.64
  19.12,132.64 17.84,148.60 17.84,148.60
  17.84,148.60 20.83,149.21 20.83,149.21
  20.83,149.21 20.52,153.53 20.52,153.53
  20.52,153.53 17.48,152.98 17.48,152.98
  17.48,152.98 14.43,151.10 14.43,151.10
  14.43,151.10 16.08,130.76 16.08,130.76
  16.08,130.76 13.58,129.29 13.58,129.29
  13.95,131.63 14.08,134.31 13.82,137.39
  13.49,141.49 12.68,144.34 11.45,146.04
  10.21,147.75 8.70,148.06 6.88,146.96
  6.30,146.61 5.76,146.18 5.24,145.68
  4.71,145.17 4.15,144.59 3.65,143.91
  3.65,143.91 4.02,139.34 4.02,139.34
  4.51,140.16 5.03,140.84 5.48,141.35
  5.93,141.88 6.37,142.30 6.82,142.57
  7.78,143.15 8.57,143.06 9.19,142.33
  9.82,141.60 10.21,140.21 10.47,138.19
  10.06,138.50 9.65,138.67 9.19,138.67
  8.74,138.69 8.24,138.55 7.73,138.25
  6.45,137.47 5.53,136.12 4.87,134.17
  4.20,132.21 3.94,129.99 4.14,127.59
  4.36,124.93 4.96,123.06 5.97,121.99
  6.47,121.46 7.05,121.18 7.67,121.13
  7.67,121.13 7.67,121.13 7.67,121.13 Z
M 8.58,125.58
C 8.36,125.63 8.15,125.79 7.98,126.07
  7.63,126.62 7.43,127.60 7.31,129.05
  7.19,130.50 7.20,131.69 7.43,132.58
  7.65,133.48 8.07,134.13 8.65,134.47
  9.21,134.81 9.64,134.66 9.98,134.11
  10.32,133.56 10.54,132.57 10.65,131.12
  10.77,129.67 10.75,128.49 10.53,127.59
  10.31,126.70 9.94,126.10 9.38,125.76
  9.09,125.59 8.81,125.53 8.58,125.58
  8.58,125.58 8.58,125.58 8.58,125.58 Z
M 105.30,134.59
C 105.30,134.59 113.95,134.59 113.95,134.59
  113.95,134.59 113.95,141.05 113.95,141.05
  113.95,141.05 129.72,141.05 129.72,141.05
  129.72,141.05 129.72,148.90 129.72,148.90
  129.72,148.90 115.47,170.10 115.47,170.10
  115.47,170.10 105.30,170.10 105.30,170.10
  105.30,170.10 105.30,147.69 105.30,147.69
  105.30,147.69 100.25,147.69 100.25,147.69
  100.25,147.69 100.25,141.05 100.25,141.05
  100.25,141.05 105.30,141.05 105.30,141.05
  105.30,141.05 105.30,134.59 105.30,134.59 Z
M 135.27,134.59
C 135.27,134.59 160.06,134.59 160.06,134.59
  160.06,134.59 160.06,140.93 160.06,140.93
  160.06,140.93 152.02,140.93 152.02,140.93
  152.02,140.93 152.02,163.89 152.02,163.89
  152.02,163.89 160.30,162.18 160.30,162.18
  160.30,162.18 160.30,168.39 160.30,168.39
  160.30,168.39 152.02,170.10 152.02,170.10
  152.02,170.10 143.31,170.10 143.31,170.10
  143.31,170.10 143.31,140.93 143.31,140.93
  143.31,140.93 135.27,140.93 135.27,140.93
  135.27,140.93 135.27,134.59 135.27,134.59
  135.27,134.59 135.27,134.59 135.27,134.59 Z
M 113.95,147.69
C 113.95,147.69 113.95,162.61 113.95,162.61
  113.95,162.61 124.00,147.69 124.00,147.69
  124.00,147.69 113.95,147.69 113.95,147.69 Z
M 52.74,174.54
C 52.74,174.54 58.47,182.34 58.47,182.34
  58.47,182.34 55.79,184.11 55.79,184.11
  56.20,184.20 56.58,184.27 57.00,184.41
  60.37,185.54 63.46,188.05 66.26,191.84
  69.35,196.01 70.59,199.96 69.98,203.78
  69.34,207.59 66.87,210.90 62.61,213.70
  58.24,216.58 53.85,217.53 49.39,216.50
  44.91,215.47 40.96,212.58 37.51,207.92
  36.42,206.44 35.43,204.99 34.59,203.47
  33.75,201.96 33.03,200.39 32.40,198.78
  32.40,198.78 37.27,195.55 37.27,195.55
  37.75,197.27 38.33,198.82 38.98,200.18
  39.61,201.56 40.32,202.81 41.17,203.96
  42.99,206.43 44.99,207.96 47.14,208.59
  49.28,209.23 51.51,208.97 53.90,207.74
  52.62,207.17 51.47,206.40 50.37,205.48
  49.25,204.57 48.22,203.44 47.26,202.13
  44.83,198.85 43.63,195.68 43.73,192.63
  43.81,189.57 45.13,187.19 47.69,185.51
  48.39,185.04 49.14,184.69 49.88,184.41
  49.88,184.41 45.92,179.05 45.92,179.05
  45.92,179.05 52.74,174.54 52.74,174.54
  52.74,174.54 52.74,174.54 52.74,174.54 Z
M 208.17,185.81
C 208.17,185.81 214.81,190.93 214.81,190.93
  214.81,190.93 225.41,215.77 225.41,215.77
  225.41,215.77 220.11,223.63 220.11,223.63
  220.11,223.63 200.98,209.01 200.98,209.01
  200.98,209.01 198.36,212.91 198.36,212.91
  198.36,212.91 192.70,208.59 192.70,208.59
  192.70,208.59 195.38,204.63 195.38,204.63
  195.38,204.63 189.84,200.43 189.84,200.43
  189.84,200.43 194.41,193.73 194.41,193.73
  194.41,193.73 199.89,197.99 199.89,197.99
  199.89,197.99 208.17,185.81 208.17,185.81
  208.17,185.81 208.17,185.81 208.17,185.81 Z
M 57.31,191.96
C 56.28,192.03 55.18,192.48 54.02,193.24
  52.47,194.26 51.63,195.35 51.40,196.59
  51.15,197.82 51.54,199.21 52.62,200.67
  53.69,202.12 54.89,202.95 56.21,203.17
  57.51,203.38 58.93,202.97 60.48,201.95
  62.02,200.93 62.91,199.83 63.16,198.60
  63.38,197.36 63.01,195.97 61.94,194.52
  60.86,193.06 59.64,192.24 58.34,192.02
  58.01,191.97 57.65,191.94 57.31,191.96
  57.31,191.96 57.31,191.96 57.31,191.96 Z
M 210.79,194.58
C 210.79,194.58 205.55,202.32 205.55,202.32
  205.55,202.32 218.22,212.06 218.22,212.06
  218.22,212.06 210.79,194.58 210.79,194.58
  210.79,194.58 210.79,194.58 210.79,194.58 Z
M 11.45,243.36
C 11.45,243.36 132.10,311.82 132.10,311.82
  133.66,312.76 134.03,312.42 133.80,310.78
  133.80,310.78 131.25,262.79 131.25,262.79
  131.18,261.24 130.97,260.61 129.36,260.35
  129.36,260.35 11.45,243.36 11.45,243.36
  11.45,243.36 11.45,243.36 11.45,243.36 Z
M 260.91,243.48
C 260.91,243.48 138.43,260.41 138.43,260.41
  136.82,260.65 137.11,261.45 137.09,262.61
  137.09,262.61 139.71,311.45 139.71,311.45
  139.85,312.93 139.80,313.46 141.60,312.55
  141.60,312.55 260.91,243.48 260.91,243.48 Z
M 184.23,264.56
C 184.23,264.56 193.19,274.48 193.19,274.48
  193.19,274.48 200.19,270.34 200.19,270.34
  200.19,270.34 202.14,272.53 202.14,272.53
  202.14,272.53 183.75,283.44 183.75,283.44
  183.75,283.44 180.76,285.20 180.76,285.20
  180.76,285.20 162.37,296.10 162.37,296.10
  162.37,296.10 160.42,293.97 160.42,293.97
  160.42,293.97 167.42,289.83 167.42,289.83
  167.42,289.83 160.30,282.03 160.30,282.03
  160.30,282.03 153.72,286.85 153.72,286.85
  153.72,286.85 151.77,284.71 151.77,284.71
  151.77,284.71 158.35,279.96 158.35,279.96
  158.35,279.96 165.84,275.52 165.84,275.52
  165.84,275.52 174.85,285.45 174.85,285.45
  174.85,285.45 178.81,283.07 178.81,283.07
  178.81,283.07 181.80,281.30 181.80,281.30
  181.80,281.30 185.76,278.93 185.76,278.93
  185.76,278.93 178.69,271.13 178.69,271.13
  178.69,271.13 172.05,275.94 172.05,275.94
  172.05,275.94 170.17,273.81 170.17,273.81
  170.17,273.81 176.74,269.00 176.74,269.00
  176.74,269.00 184.23,264.56 184.23,264.56
  184.23,264.56 184.23,264.56 184.23,264.56 Z
M 103.72,266.02
C 106.09,266.13 108.23,266.94 110.23,268.45
  112.46,270.13 113.41,271.94 113.04,273.93
  112.67,275.93 111.01,277.93 108.10,279.90
  106.37,281.08 104.59,281.88 102.80,282.40
  102.80,282.40 104.88,283.98 104.88,283.98
  104.88,283.98 100.19,287.15 100.19,287.15
  100.19,287.15 96.04,284.04 96.04,284.04
  96.04,284.04 97.57,283.01 97.57,283.01
  94.97,282.84 92.63,281.99 90.50,280.39
  89.70,279.79 88.97,279.20 88.37,278.56
  87.76,277.93 87.24,277.25 86.79,276.55
  86.79,276.55 90.14,274.30 90.14,274.30
  90.49,275.06 90.89,275.71 91.35,276.31
  91.83,276.91 92.37,277.48 93.00,277.95
  94.31,278.94 95.76,279.45 97.26,279.48
  98.77,279.50 100.30,279.01 101.95,278.08
  101.03,277.96 100.18,277.77 99.39,277.47
  98.60,277.16 97.89,276.77 97.20,276.25
  95.45,274.93 94.58,273.46 94.58,271.93
  94.60,270.39 95.50,269.04 97.26,267.84
  99.21,266.52 101.36,265.92 103.72,266.02
  103.72,266.02 103.72,266.02 103.72,266.02 Z
M 104.75,269.67
C 103.83,269.74 102.88,270.12 101.83,270.83
  100.77,271.55 100.15,272.25 100.00,272.90
  99.87,273.55 100.21,274.15 100.98,274.73
  101.75,275.31 102.56,275.58 103.47,275.52
  104.40,275.45 105.40,275.02 106.46,274.30
  107.51,273.59 108.08,272.94 108.23,272.29
  108.37,271.64 108.08,270.98 107.31,270.40
  106.54,269.82 105.68,269.60 104.75,269.67
  104.75,269.67 104.75,269.67 104.75,269.67 Z
