M 79.08,194.53
C 79.08,194.53 431.85,351.88 431.85,351.88
  438.35,354.77 445.75,354.77 452.25,351.88
  452.25,351.88 805.02,194.53 805.02,194.53
  825.01,185.64 824.71,157.15 804.52,148.65
  804.52,148.65 461.44,3.90 461.44,3.90
  455.25,1.30 448.65,0.00 442.05,0.00
  435.45,0.00 428.86,1.30 422.66,3.90
  422.66,3.90 79.48,148.65 79.48,148.65
  59.38,157.15 59.08,185.64 79.08,194.53 Z
M 632.38,130.25
C 668.27,130.05 697.46,147.55 697.56,169.24
  697.66,190.93 668.67,208.73 632.78,208.83
  596.90,209.03 567.71,191.53 567.61,169.84
  567.51,148.15 596.50,130.35 632.38,130.25 Z
M 441.85,130.25
C 477.74,130.05 506.93,147.55 507.03,169.24
  507.13,190.93 478.14,208.73 442.25,208.83
  406.36,209.03 377.17,191.53 377.07,169.84
  376.97,148.15 405.96,130.35 441.85,130.25 Z
M 251.32,130.25
C 287.20,130.05 316.39,147.55 316.49,169.24
  316.59,190.93 287.60,208.73 251.72,208.83
  215.83,208.93 186.64,191.53 186.54,169.84
  186.44,148.15 215.43,130.35 251.32,130.25 Z
M 857.50,687.46
C 857.50,687.46 857.50,361.47 857.50,247.81
  857.50,229.72 838.81,217.62 822.32,225.02
  822.32,225.02 474.34,380.37 474.34,380.37
  465.34,384.37 459.54,393.36 459.54,403.16
  459.54,403.16 459.54,859.00 459.54,859.00
  459.54,877.09 478.24,889.19 494.73,881.79
  494.73,881.79 828.01,733.14 828.01,733.14
  845.91,725.15 857.50,707.25 857.50,687.46 Z
M 626.19,675.46
C 623.89,711.35 604.59,739.24 583.00,737.94
  561.41,736.54 545.81,706.35 548.01,670.57
  550.31,634.68 569.61,606.79 591.20,608.09
  612.89,609.49 628.49,639.68 626.19,675.46 Z
M 773.93,422.15
C 771.64,458.04 752.34,485.93 730.75,484.63
  709.16,483.23 693.56,453.04 695.76,417.25
  698.06,381.37 717.35,353.48 738.95,354.78
  760.54,356.08 776.23,386.26 773.93,422.15 Z
M 26.49,247.91
C 26.49,361.57 26.49,687.56 26.49,687.56
  26.49,707.25 38.09,725.15 56.08,733.24
  56.08,733.24 389.37,881.79 389.37,881.79
  405.86,889.19 424.56,877.09 424.56,859.00
  424.56,859.00 424.56,403.16 424.56,403.16
  424.56,393.26 418.76,384.37 409.76,380.37
  409.76,380.37 61.68,225.02 61.68,225.02
  45.09,217.72 26.49,229.82 26.49,247.91 Z
M 214.83,471.73
C 236.42,470.34 255.71,498.33 258.01,534.21
  260.31,570.10 244.62,600.29 223.03,601.59
  201.43,602.99 182.14,575.00 179.84,539.11
  177.54,503.22 193.24,473.03 214.83,471.73 Z
