M 100.00,0.00
C 44.80,0.00 0.00,44.80 0.00,100.00
  -0.00,155.20 44.80,200.00 100.00,200.00
  155.20,200.00 200.00,155.20 200.00,100.00
  200.00,44.80 155.20,0.00 100.00,0.00 Z
M 100.00,12.81
C 148.13,12.81 187.19,51.87 187.19,100.00
  187.19,148.13 148.13,187.19 100.00,187.19
  51.87,187.19 12.81,148.13 12.81,100.00
  12.81,51.87 51.87,12.81 100.00,12.81
  100.00,12.81 100.00,12.81 100.00,12.81 Z
M 101.47,34.06
C 96.02,34.09 90.82,34.80 86.19,36.13
  81.49,37.47 77.06,39.61 73.31,42.34
  70.07,44.71 66.98,47.74 64.62,50.88
  60.47,56.42 58.16,62.53 57.56,69.56
  57.52,70.03 57.49,70.43 57.50,70.44
  57.52,70.45 79.20,73.13 79.31,73.13
  79.36,73.13 79.42,72.89 79.59,72.19
  81.53,64.10 85.08,58.67 90.56,55.38
  94.88,52.78 100.37,51.76 106.34,52.41
  109.08,52.70 111.55,53.37 113.72,54.41
  116.43,55.71 118.90,57.77 120.66,60.22
  122.20,62.38 123.12,64.80 123.41,67.53
  123.49,68.29 123.46,70.01 123.38,70.75
  123.15,72.58 122.68,74.13 121.88,75.72
  121.07,77.32 120.40,78.23 119.12,79.53
  117.09,81.61 113.94,84.36 108.34,88.94
  104.74,91.88 102.30,94.09 100.22,96.28
  95.28,101.46 93.03,105.35 91.66,111.00
  90.75,114.72 90.40,118.55 90.50,124.19
  90.52,125.59 90.56,126.92 90.56,127.16
  90.56,127.16 90.56,127.59 90.56,127.59
  90.56,127.59 112.16,127.59 112.16,127.59
  112.16,127.59 112.19,125.19 112.19,125.19
  112.22,121.92 112.40,119.82 112.75,117.78
  113.32,114.51 114.18,112.78 116.69,109.97
  118.29,108.17 120.39,106.21 123.62,103.50
  128.39,99.51 131.73,96.51 134.88,93.38
  139.79,88.47 142.34,85.11 144.16,81.19
  145.59,78.10 146.38,75.02 146.62,71.66
  146.68,70.84 146.69,68.63 146.62,67.69
  146.17,60.65 143.52,54.44 138.47,48.66
  137.67,47.75 135.69,45.77 134.75,44.94
  129.79,40.54 124.06,37.59 117.19,35.84
  113.00,34.78 108.96,34.24 103.84,34.09
  103.06,34.07 102.25,34.06 101.47,34.06
  101.47,34.06 101.47,34.06 101.47,34.06 Z
M 90.56,137.66
C 90.56,137.66 90.56,159.66 90.56,159.66
  90.56,159.66 112.56,159.66 112.56,159.66
  112.56,159.66 112.56,137.66 112.56,137.66
  112.56,137.66 90.56,137.66 90.56,137.66
  90.56,137.66 90.56,137.66 90.56,137.66 Z
M 197.12,100.00
C 197.12,153.64 153.64,197.12 100.00,197.12
  46.36,197.12 2.88,153.64 2.88,100.00
  2.88,46.36 46.36,2.88 100.00,2.88
  153.64,2.88 197.12,46.36 197.12,100.00
  197.12,100.00 197.12,100.00 197.12,100.00 Z
